Indiv	Arm01		Arm03		Arm04		Arm06		Arm07		Arm08		Arm11		
AM102-01_S487_A	102	106	103	103	107	108	102	102	101	102	101	101	
AM102-01_S487_B	102	106	103	103	107	108	102	102	101	102	101	101	
AM102-02_S551_A	102	106	103	103	105	105	101	101	NA	NA	101	102	
AM102-02_S551_B	102	106	103	103	105	105	101	101	NA	NA	101	102	
AM102-03_S526_A	102	106	103	103	103	105	101	102	NA	NA	101	102	
AM102-03_S526_B	102	106	103	103	103	105	101	102	NA	NA	101	102	
AM102-04_S527_A	104	104	104	104	105	106	NA	NA	NA	NA	101	104	
AM102-04_S527_B	104	104	104	104	105	106	NA	NA	NA	NA	101	104	
AM102-05_S533_A	104	104	103	103	105	106	101	102	101	102	101	103	
AM102-05_S533_B	104	104	103	103	105	106	101	102	101	102	101	103	
AM102-06_S543_A	102	104	103	103	103	105	101	102	NA	NA	101	102	
AM102-06_S543_B	102	104	103	103	103	105	101	102	NA	NA	101	102	
AM102-07_S520_A	104	104	103	104	105	105	102	102	102	102	101	101	
AM102-07_S520_B	104	104	103	104	105	105	102	102	102	102	101	101	
AM102-08_S504_A	101	104	103	103	105	105	101	101	101	103	103	104	
AM102-08_S504_B	101	104	103	103	105	105	101	101	101	103	103	104	
AM102-09_S508_A	104	106	103	104	105	105	102	102	102	102	101	104	
AM102-09_S508_B	104	106	103	104	105	105	102	102	102	102	101	104	
AM102-10_S492_A	104	106	103	104	105	106	102	102	102	102	103	104	
AM102-10_S492_B	104	106	103	104	105	106	102	102	102	102	103	104	
AM102-11_S489_A	104	106	104	104	105	105	102	102	102	102	103	104	
AM102-11_S489_B	104	106	104	104	105	105	102	102	102	102	103	104	
AM102-12_S485_A	104	104	103	104	105	105	101	102	102	102	101	104	
AM102-12_S485_B	104	104	103	104	105	105	101	102	102	102	101	104	
AM102-13_S539_A	101	106	103	103	105	107	101	102	101	103	102	103	
AM102-13_S539_B	101	106	103	103	105	107	101	102	101	103	102	103	
AM102-14_S549_A	104	106	103	104	105	108	101	102	101	101	101	101	
AM102-14_S549_B	104	106	103	104	105	108	101	102	101	101	101	101	
AM102-15_S546_A	104	104	104	104	106	108	102	102	101	101	101	103	
AM102-15_S546_B	104	104	104	104	106	108	102	102	101	101	101	103	
AM102-16_S544_A	102	104	103	103	105	105	101	102	101	103	101	102	
AM102-16_S544_B	102	104	103	103	105	105	101	102	101	103	101	102	
AM102-17_S528_A	104	104	104	104	105	106	101	102	NA	NA	101	104	
AM102-17_S528_B	104	104	104	104	105	106	101	102	NA	NA	101	104	
AM102-18_S510_A	104	106	103	103	105	105	101	102	101	101	101	103	
AM102-18_S510_B	104	106	103	103	105	105	101	102	101	101	101	103	
AM102-19_S537_A	104	106	104	104	106	108	102	102	NA	NA	101	101	
AM102-19_S537_B	104	106	104	104	106	108	102	102	NA	NA	101	101	
AM102-20_S494_A	104	106	103	104	107	108	101	102	101	101	101	103	
AM102-20_S494_B	104	106	103	104	107	108	101	102	101	101	101	103	
AM102-21_S521_A	104	106	103	104	106	107	102	102	102	102	101	103	
AM102-21_S521_B	104	106	103	104	106	107	102	102	102	102	101	103	
AM102-22_S498_A	104	104	104	104	106	108	102	102	102	102	101	103	
AM102-22_S498_B	104	104	104	104	106	108	102	102	102	102	101	103	
AM102-23_S499_A	104	104	103	104	105	108	101	102	NA	NA	103	104	
AM102-23_S499_B	104	104	103	104	105	108	101	102	NA	NA	103	104	
AM202-01_S502_A	102	107	104	104	103	105	102	102	102	102	102	102	
AM202-01_S502_B	102	107	104	104	103	105	102	102	102	102	102	102	
AM202-02_S513_A	102	106	103	103	107	108	102	102	NA	NA	101	101	
AM202-02_S513_B	102	106	103	103	107	108	102	102	NA	NA	101	101	
AM202-03_S536_A	104	106	103	104	106	107	102	102	NA	NA	101	103	
AM202-03_S536_B	104	106	103	104	106	107	102	102	NA	NA	101	103	
AM202-04_S555_A	104	106	103	104	107	108	101	102	101	101	101	103	
AM202-04_S555_B	104	106	103	104	107	108	101	102	101	101	101	103	
AM202-05_S488_A	104	106	104	104	106	108	102	102	102	102	101	103	
AM202-05_S488_B	104	106	104	104	106	108	102	102	102	102	101	103	
AM202-06_S524_A	104	104	103	104	105	105	101	102	102	102	101	104	
AM202-06_S524_B	104	104	103	104	105	105	101	102	102	102	101	104	
AM205-01_S503_A	104	106	103	104	105	108	101	102	101	103	101	103	
AM205-01_S503_B	104	106	103	104	105	108	101	102	NA	NA	101	103	
AM205-02_S518_A	102	106	103	103	105	108	102	102	NA	NA	101	104	
AM205-02_S518_B	102	106	103	103	105	108	102	102	NA	NA	101	104	
AM205-03_S529_A	101	102	103	103	101	107	102	102	102	102	105	105	
AM205-03_S529_B	101	102	103	103	101	107	102	102	102	102	105	105	
AM205-04_S535_A	101	102	103	103	101	107	102	102	102	102	105	105	
AM205-04_S535_B	101	102	103	103	101	107	102	102	102	102	105	105	
AM30-01_S540_A	102	102	104	104	103	105	102	102	102	102	102	102	
AM30-01_S540_B	102	102	104	104	103	105	102	102	102	102	102	102	
AM30-02_S511_A	101	103	103	103	105	105	101	102	NA	NA	101	102	
AM30-02_S511_B	101	103	103	103	105	105	101	102	NA	NA	101	102	
AM30-03_S506_A	101	104	102	103	101	105	102	105	101	103	102	104	
AM30-03_S506_B	101	104	102	103	101	105	102	105	101	103	102	104	
AM30-04_S548_A	101	102	103	103	103	105	101	101	103	103	102	104	
AM30-04_S548_B	101	102	103	103	103	105	101	101	103	103	102	104	
AM30-05_S497_A	104	106	103	104	105	108	101	102	101	101	101	103	
AM30-05_S497_B	104	106	103	104	105	108	101	102	101	101	101	103	
AM30-06_S495_A	102	106	103	103	105	108	102	102	NA	NA	101	104	
AM30-06_S495_B	102	106	103	103	105	108	102	102	NA	NA	101	104	
AM30-07_S538_A	101	102	103	103	101	107	102	102	102	102	105	105	
AM30-07_S538_B	101	102	103	103	101	107	102	102	102	102	105	105	
AM30-08_S505_A	102	102	103	103	105	107	101	101	102	102	101	103	
AM30-08_S505_B	102	102	103	103	105	107	101	101	102	102	101	103	
AM30-09_S509_A	102	102	103	103	105	107	101	101	102	102	101	103	
AM30-09_S509_B	102	102	103	103	105	107	101	101	102	102	101	103	
AM30-10_S512_A	104	106	104	104	101	108	101	101	101	102	101	103	
AM30-10_S512_B	104	106	104	104	101	108	101	101	101	102	101	103	
AM30-11_S523_A	102	106	104	104	107	108	102	102	101	102	102	103	
AM30-11_S523_B	102	106	104	104	107	108	102	102	101	102	102	103	
AM30-12_S517_A	102	102	103	103	101	105	101	102	NA	NA	101	105	
AM30-12_S517_B	102	102	103	103	101	105	101	102	101	102	101	105	
AM30-13_S530_A	106	106	103	104	101	105	102	102	102	102	102	103	
AM30-13_S530_B	106	106	103	104	101	105	102	102	102	102	102	103	
AM30-14_S522_A	102	102	103	103	103	107	101	101	102	103	102	103	
AM30-14_S522_B	102	102	103	103	103	107	101	101	102	103	102	103	
AM30-15_S515_A	102	106	104	104	101	107	101	102	102	102	101	103	
AM30-15_S515_B	102	106	104	104	101	107	101	102	102	102	101	103	
AM30-16_S541_A	102	106	103	104	101	103	101	102	103	103	102	103	
AM30-16_S541_B	102	106	103	104	101	103	101	102	103	103	102	103	
AM30-17_S496_A	102	106	103	103	103	105	101	102	103	103	103	103	
AM30-17_S496_B	102	106	103	103	103	105	101	102	103	103	103	103	
AM30-18_S486_A	102	106	103	103	101	101	101	102	102	102	101	103	
AM30-18_S486_B	102	106	103	103	101	101	101	102	102	102	101	103	
AM46-01_S490_A	101	108	102	104	102	106	101	103	NA	NA	104	106	
AM46-01_S490_B	101	101	102	104	102	106	101	103	NA	NA	104	106	
AM46-02_S516_A	NA	NA	NA	NA	NA	NA	NA	NA	NA	NA	NA	NA	
AM46-02_S516_B	NA	NA	NA	NA	NA	NA	NA	NA	NA	NA	NA	NA	
AM46-03_S534_A	101	108	102	104	102	106	101	103	NA	NA	104	106	
AM46-03_S534_B	101	101	102	104	102	106	101	103	NA	NA	104	106	
AM46-04_S553_A	101	108	102	104	102	106	101	103	NA	NA	NA	NA	
AM46-04_S553_B	101	101	102	104	102	106	101	103	NA	NA	NA	NA	
AM46-05_S493_A	101	108	102	104	102	106	101	103	NA	NA	104	106	
AM46-05_S493_B	101	101	102	104	102	106	101	103	NA	NA	104	106	
AM46-06_S519_A	101	108	102	104	102	106	101	103	NA	NA	104	104	
AM46-06_S519_B	101	101	102	104	102	106	101	103	NA	NA	104	104	
AM46-07_S554_A	101	108	102	104	102	106	101	103	NA	NA	104	104	
AM46-07_S554_B	101	101	102	104	102	106	101	103	NA	NA	104	104	
AM46-08_S491_A	101	108	102	104	102	106	101	104	NA	NA	104	106	
AM46-08_S491_B	101	101	102	104	102	106	101	104	NA	NA	104	106	
AM46-09_S532_A	101	108	102	104	102	106	101	103	NA	NA	104	104	
AM46-09_S532_B	101	101	102	104	102	106	101	103	NA	NA	104	104	
AM46-10_S552_A	101	104	NA	NA	102	106	101	103	NA	NA	104	106	
AM46-10_S552_B	101	104	NA	NA	102	106	101	103	NA	NA	104	106	
AM46-11_S542_A	102	105	102	104	101	106	101	101	NA	NA	104	104	
AM46-11_S542_B	102	105	102	104	101	106	101	101	NA	NA	104	104	
AM46-12_S507_A	102	105	102	104	101	106	101	101	101	101	104	105	
AM46-12_S507_B	102	105	102	104	101	106	101	101	101	101	104	105	
AM46-13_S531_A	102	105	102	104	106	106	101	101	NA	NA	104	105	
AM46-13_S531_B	102	105	102	104	106	106	101	101	NA	NA	104	105	
AM46-14_S514_A	102	105	102	104	101	106	101	101	NA	NA	104	105	
AM46-14_S514_B	102	105	102	104	101	106	101	101	NA	NA	104	105	
AM46-15_S550_A	102	108	102	104	101	104	101	102	103	103	103	103	
AM46-15_S550_B	102	108	102	104	101	104	101	102	103	103	103	103	
AM46-16_S500_A	102	105	102	104	101	106	101	101	NA	NA	103	103	
AM46-16_S500_B	102	105	102	104	101	106	101	101	NA	NA	103	103	
AM46-18_S501_A	102	105	101	102	101	106	101	101	NA	NA	NA	NA	
AM46-18_S501_B	102	105	101	102	NA	NA	101	101	NA	NA	NA	NA	
AM46-19_S545_A	108	108	102	104	101	104	101	102	103	103	NA	NA	
AM46-19_S545_B	108	108	102	104	101	104	101	102	103	103	NA	NA	
AM46-20_S525_A	102	105	102	104	101	106	101	101	101	101	NA	NA	
AM46-20_S525_B	102	105	102	104	101	106	101	101	101	101	101	104	
S547-nc_S547_A	NA	NA	NA	NA	NA	NA	NA	NA	NA	NA	NA	NA	
S547-nc_S547_B	NA	NA	NA	NA	NA	NA	NA	NA	NA	NA	NA	NA	
