Indiv	Arm01		Arm03		Arm04		Arm06		Arm07		Arm08		Arm11		
S485-AM102-12_S485_A	105	105	103	104	105	105	102	103	102	102	101	104	
S485-AM102-12_S485_B	105	105	103	104	105	105	102	103	102	102	101	104	
S486-AM30-18_S486_A	103	107	103	103	101	101	102	103	102	102	101	103	
S486-AM30-18_S486_B	103	107	103	103	101	101	102	103	102	102	101	103	
S487-AM102-01_S487_A	103	107	103	103	107	108	103	103	101	102	101	101	
S487-AM102-01_S487_B	103	107	103	103	107	108	103	103	101	102	101	101	
S488-AM202-05_S488_A	105	107	104	104	106	108	103	103	102	102	101	103	
S488-AM202-05_S488_B	105	107	104	104	106	108	103	103	102	102	101	103	
S489-AM102-11_S489_A	105	107	104	104	105	105	103	103	102	102	103	104	
S489-AM102-11_S489_B	105	107	104	104	105	105	103	103	102	102	103	104	
S490-AM46-01_S490_A	102	109	102	104	102	106	102	104	NA	NA	104	107	
S490-AM46-01_S490_B	102	102	102	104	102	106	102	104	NA	NA	104	107	
S491-AM46-08_S491_A	102	109	102	104	102	106	102	105	NA	NA	104	107	
S491-AM46-08_S491_B	102	109	102	104	102	106	102	105	NA	NA	104	107	
S492-AM102-10_S492_A	105	107	103	104	105	106	103	103	102	102	103	104	
S492-AM102-10_S492_B	105	107	103	104	105	106	103	103	102	102	103	104	
S493-AM46-05_S493_A	102	109	102	104	102	106	102	104	NA	NA	104	107	
S493-AM46-05_S493_B	102	102	102	104	102	106	102	104	NA	NA	104	107	
S494-AM102-20_S494_A	105	107	103	104	107	108	102	103	101	101	101	103	
S494-AM102-20_S494_B	105	107	103	104	107	108	102	103	101	101	101	103	
S495-AM30-06_S495_A	103	107	103	103	105	108	103	103	NA	NA	101	104	
S495-AM30-06_S495_B	103	107	103	103	105	108	103	103	NA	NA	101	104	
S496-AM30-17_S496_A	103	107	103	103	103	105	102	103	103	103	103	103	
S496-AM30-17_S496_B	103	107	103	103	103	105	102	103	103	103	103	103	
S497-AM30-05_S497_A	105	107	103	104	105	108	102	103	101	101	101	103	
S497-AM30-05_S497_B	105	107	103	104	105	108	102	103	101	101	101	103	
S498-AM102-22_S498_A	105	105	104	104	106	108	103	103	102	102	101	103	
S498-AM102-22_S498_B	105	105	104	104	106	108	103	103	102	102	101	103	
S499-AM102-23_S499_A	105	105	103	104	105	108	102	103	NA	NA	103	104	
S499-AM102-23_S499_B	105	105	103	104	105	108	102	103	NA	NA	103	104	
S500-AM46-16_S500_A	103	106	102	104	101	106	102	102	NA	NA	103	106	
S500-AM46-16_S500_B	103	106	102	104	101	106	102	102	NA	NA	103	106	
S501-AM46-18_S501_A	103	106	101	102	101	106	101	102	NA	NA	NA	NA	
S501-AM46-18_S501_B	103	106	101	102	NA	NA	101	102	NA	NA	NA	NA	
S502-AM202-01_S502_A	103	108	104	104	103	105	103	103	102	102	102	102	
S502-AM202-01_S502_B	103	108	104	104	103	105	103	103	102	102	102	102	
S503-AM205-01_S503_A	105	107	103	104	105	108	102	103	101	103	101	103	
S503-AM205-01_S503_B	105	107	103	104	105	108	102	103	NA	NA	101	103	
S504-AM102-08_S504_A	102	105	103	103	105	105	102	102	101	103	103	104	
S504-AM102-08_S504_B	102	105	103	103	105	105	102	102	101	103	103	104	
S505-AM30-08_S505_A	103	103	103	103	105	107	102	102	102	102	101	103	
S505-AM30-08_S505_B	103	103	103	103	105	107	102	102	102	102	101	103	
S506-AM30-03_S506_A	102	105	102	103	101	105	103	106	101	103	102	104	
S506-AM30-03_S506_B	102	105	102	103	101	105	103	106	101	103	102	104	
S507-AM46-12_S507_A	103	106	102	104	101	106	102	102	101	101	104	105	
S507-AM46-12_S507_B	103	106	102	104	101	106	102	102	101	101	104	105	
S508-AM102-09_S508_A	105	107	103	104	105	105	103	103	102	102	101	104	
S508-AM102-09_S508_B	105	107	103	104	105	105	103	103	102	102	101	104	
S509-AM30-09_S509_A	103	103	103	103	105	107	102	102	102	102	101	103	
S509-AM30-09_S509_B	103	103	103	103	105	107	102	102	102	102	101	103	
S510-AM102-18_S510_A	105	107	103	103	105	105	102	103	101	101	101	103	
S510-AM102-18_S510_B	105	107	103	103	105	105	102	103	101	101	101	103	
S511-AM30-02_S511_A	102	104	103	103	105	105	102	103	NA	NA	101	102	
S511-AM30-02_S511_B	102	104	103	103	105	105	102	103	NA	NA	101	102	
S512-AM30-10_S512_A	105	107	104	104	101	108	102	102	101	102	101	103	
S512-AM30-10_S512_B	105	107	104	104	101	108	102	102	101	102	101	103	
S513-AM202-02_S513_A	103	107	103	103	107	108	103	103	NA	NA	101	101	
S513-AM202-02_S513_B	103	107	103	103	107	108	103	103	NA	NA	101	101	
S514-AM46-14_S514_A	103	106	102	104	101	106	102	102	NA	NA	104	105	
S514-AM46-14_S514_B	103	106	102	104	101	106	102	102	NA	NA	104	105	
S515-AM30-15_S515_A	103	107	104	104	101	107	102	103	102	102	101	103	
S515-AM30-15_S515_B	103	107	104	104	101	107	102	103	102	102	101	103	
S516-AM46-02_S516_A	NA	NA	NA	NA	NA	NA	NA	NA	NA	NA	NA	NA	
S516-AM46-02_S516_B	NA	NA	NA	NA	NA	NA	NA	NA	NA	NA	NA	NA	
S517-AM30-12_S517_A	103	103	103	103	101	105	102	103	NA	NA	101	105	
S517-AM30-12_S517_B	103	103	103	103	101	105	102	103	101	102	101	105	
S518-AM205-02_S518_A	103	107	103	103	105	108	103	103	NA	NA	101	104	
S518-AM205-02_S518_B	103	107	103	103	105	108	103	103	NA	NA	101	104	
S519-AM46-06_S519_A	102	109	102	104	102	106	102	104	NA	NA	104	104	
S519-AM46-06_S519_B	102	109	102	104	102	106	102	104	NA	NA	104	104	
S520-AM102-07_S520_A	105	105	103	104	105	105	103	103	102	102	101	101	
S520-AM102-07_S520_B	105	105	103	104	105	105	103	103	102	102	101	101	
S521-AM102-21_S521_A	105	107	103	104	106	107	103	103	102	102	101	103	
S521-AM102-21_S521_B	105	107	103	104	106	107	103	103	NA	NA	101	103	
S522-AM30-14_S522_A	103	103	103	103	103	107	102	102	103	103	102	103	
S522-AM30-14_S522_B	103	103	103	103	103	107	102	102	103	103	102	103	
S523-AM30-11_S523_A	103	107	104	104	107	108	103	103	101	102	102	103	
S523-AM30-11_S523_B	103	107	104	104	107	108	103	103	101	102	102	103	
S524-AM202-06_S524_A	105	105	103	104	105	105	102	103	102	102	101	104	
S524-AM202-06_S524_B	105	105	103	104	105	105	102	103	102	102	101	104	
S525-AM46-20_S525_A	103	106	102	104	101	106	102	102	101	101	NA	NA	
S525-AM46-20_S525_B	103	106	102	104	101	106	102	102	101	101	NA	NA	
S526-AM102-03_S526_A	103	107	103	103	103	105	102	103	NA	NA	101	102	
S526-AM102-03_S526_B	103	107	103	103	103	105	102	103	NA	NA	101	102	
S527-AM102-04_S527_A	105	105	NA	NA	105	106	NA	NA	NA	NA	101	104	
S527-AM102-04_S527_B	105	105	NA	NA	105	106	NA	NA	NA	NA	101	104	
S528-AM102-17_S528_A	105	105	104	104	105	106	102	103	NA	NA	101	104	
S528-AM102-17_S528_B	105	105	104	104	105	106	102	103	NA	NA	101	104	
S529-AM205-03_S529_A	102	103	103	103	101	107	103	103	102	102	105	105	
S529-AM205-03_S529_B	102	103	103	103	101	107	103	103	102	102	105	105	
S530-AM30-13_S530_A	107	107	103	104	101	105	103	103	102	102	102	103	
S530-AM30-13_S530_B	107	107	103	104	101	105	103	103	102	102	102	103	
S531-AM46-13_S531_A	103	106	102	104	106	106	102	102	NA	NA	104	105	
S531-AM46-13_S531_B	103	106	102	104	106	106	102	102	NA	NA	104	105	
S532-AM46-09_S532_A	102	109	102	104	102	106	102	104	NA	NA	104	104	
S532-AM46-09_S532_B	102	109	102	104	102	106	102	104	NA	NA	104	104	
S533-AM102-05_S533_A	105	105	103	103	105	106	102	103	101	102	101	103	
S533-AM102-05_S533_B	105	105	103	103	105	106	102	103	101	102	101	103	
S534-AM46-03_S534_A	102	109	102	104	102	106	102	104	NA	NA	104	107	
S534-AM46-03_S534_B	102	109	102	104	102	106	102	104	NA	NA	104	107	
S535-AM205-04_S535_A	102	103	103	103	101	107	103	103	102	102	105	105	
S535-AM205-04_S535_B	102	103	103	103	101	107	103	103	102	102	105	105	
S536-AM202-03_S536_A	105	107	103	104	106	107	103	103	NA	NA	101	103	
S536-AM202-03_S536_B	105	107	103	104	106	107	103	103	NA	NA	101	103	
S537-AM102-19_S537_A	105	107	104	104	106	108	103	103	NA	NA	101	103	
S537-AM102-19_S537_B	105	107	104	104	106	108	103	103	NA	NA	101	103	
S538-AM30-07_S538_A	102	103	103	103	101	107	103	103	102	102	105	105	
S538-AM30-07_S538_B	102	103	103	103	101	107	103	103	102	102	105	105	
S539-AM102-13_S539_A	102	107	103	103	105	107	102	103	101	103	103	103	
S539-AM102-13_S539_B	102	107	103	103	105	107	102	103	101	103	103	103	
S540-AM30-01_S540_A	103	103	104	104	103	105	103	103	102	102	102	102	
S540-AM30-01_S540_B	103	103	104	104	103	105	103	103	102	102	102	102	
S541-AM30-16_S541_A	103	107	103	104	101	103	102	103	103	103	102	103	
S541-AM30-16_S541_B	103	107	103	104	101	103	102	103	103	103	102	103	
S542-AM46-11_S542_A	103	106	102	104	101	106	102	102	NA	NA	104	104	
S542-AM46-11_S542_B	103	106	102	104	101	106	102	102	NA	NA	104	104	
S543-AM102-06_S543_A	103	105	103	103	103	105	102	103	NA	NA	101	102	
S543-AM102-06_S543_B	103	105	103	103	103	105	102	103	NA	NA	101	102	
S544-AM102-16_S544_A	103	105	103	103	105	105	102	103	101	103	101	102	
S544-AM102-16_S544_B	103	105	103	103	105	105	102	103	101	103	101	102	
S545-AM46-19_S545_A	109	109	102	104	101	104	102	103	103	103	NA	NA	
S545-AM46-19_S545_B	101	109	102	104	101	104	102	103	103	103	NA	NA	
S546-AM102-15_S546_A	105	105	104	104	106	108	103	103	101	101	101	103	
S546-AM102-15_S546_B	105	105	104	104	106	108	103	103	101	101	101	103	
S547-nc_S547_A	NA	NA	NA	NA	NA	NA	NA	NA	NA	NA	NA	NA	
S547-nc_S547_B	NA	NA	NA	NA	NA	NA	NA	NA	NA	NA	NA	NA	
S548-AM30-04_S548_A	102	103	103	103	103	105	102	102	103	103	102	104	
S548-AM30-04_S548_B	102	103	103	103	103	105	102	102	103	103	102	104	
S549-AM102-14_S549_A	105	107	103	104	105	108	102	103	101	101	101	101	
S549-AM102-14_S549_B	105	107	103	104	105	108	102	103	101	101	101	101	
S550-AM46-15_S550_A	103	109	102	104	101	104	102	103	103	103	103	103	
S550-AM46-15_S550_B	103	109	102	104	101	104	102	103	103	103	103	103	
S551-AM102-02_S551_A	103	107	103	103	105	105	102	102	NA	NA	101	102	
S551-AM102-02_S551_B	103	107	103	103	105	105	102	102	NA	NA	101	102	
S552-AM46-10_S552_A	102	105	NA	NA	102	106	102	104	NA	NA	104	107	
S552-AM46-10_S552_B	102	105	NA	NA	102	106	102	104	NA	NA	104	107	
S553-AM46-04_S553_A	102	109	102	104	102	106	102	104	NA	NA	NA	NA	
S553-AM46-04_S553_B	102	102	102	104	102	106	102	104	NA	NA	NA	NA	
S554-AM46-07_S554_A	102	109	102	104	102	106	102	104	NA	NA	104	104	
S554-AM46-07_S554_B	102	109	102	104	102	106	102	104	NA	NA	104	104	
S555-AM202-04_S555_A	105	107	103	104	107	108	102	103	101	101	101	103	
S555-AM202-04_S555_B	105	107	103	104	107	108	102	103	101	101	101	103	
